0 0.04601 0.03091
1 0.04593 0.0307
2 0.06074 0.07721
3 0.08286 0.14057
4 0.10537 0.2098
5 0.13899 0.26735
6 0.18359 0.36505
7 0.23853 0.43598
8 0.29871 0.52174
9 0.38534 0.5891
10 0.4429 0.69817
11 0.60415 0.89769
12 0.62844 0.90504
13 0.70053 0.9521
14 0.80627 1.0737
15 0.90402 1.17039
16 1.01104 1.25425
17 1.22673 1.29769
18 1.28129 1.47031
19 1.37267 1.57267
20 1.50787 1.64386
21 1.67836 1.77844
22 1.81157 1.88834
23 1.99458 2.01247
24 2.12658 2.07456
25 2.30161 2.19686
26 2.47415 2.30426
27 2.70783 2.44831
28 3.17726 2.82088
29 3.58031 3.00795
